   W_ref            L_Icap          LEFTKNEEINVERTERMOTOR.Isa LEFTKNEEINVERTERMOTOR.Isb LEFTKNEEINVERTERMOTOR.Isc L_MotorTorque LMotorRpm LeftEFF   LJRpm           L_JTorque         LPin              L_Vcap            L_loss          LEFTKNEEINVERTERMOTOR.P_total LEFTKNEEINVERTERMOTOR.P_load LEFTKNEEINVERTERMOTOR.rad_ref LEFTKNEEINVERTERMOTOR.Id LEFTKNEEINVERTERMOTOR.Iq LEFTKNEEINVERTERMOTOR.Id_ref LEFTKNEEINVERTERMOTOR.Iq_ref LEFTKNEEINVERTERMOTOR.Vma LEFTKNEEINVERTERMOTOR.Vab LEFTKNEEINVERTERMOTOR.S7.Ploss_total Tem_LEFTKNEEINVERTERMOTOR.M1 LEFTKNEEINVERTERMOTOR.S7.Q1_Pcond_Q LEFTKNEEINVERTERMOTOR.S7.Q1_Psw_Q LEFTKNEEINVERTERMOTOR.S7.Q1_Pcond_D LEFTKNEEINVERTERMOTOR.S7.Q1_Psw_D LEFTKNEEINVERTERMOTOR.S7.Q1_Ploss_total LEFTKNEEINVERTERMOTOR.S7.Q2_Pcond_Q LEFTKNEEINVERTERMOTOR.S7.Q2_Psw_Q LEFTKNEEINVERTERMOTOR.S7.Q2_Pcond_D LEFTKNEEINVERTERMOTOR.S7.Q2_Psw_D LEFTKNEEINVERTERMOTOR.S7.Q2_Ploss_total LEFTKNEEINVERTERMOTOR.S7.Q3_Pcond_Q LEFTKNEEINVERTERMOTOR.S7.Q3_Psw_Q LEFTKNEEINVERTERMOTOR.S7.Q3_Pcond_D LEFTKNEEINVERTERMOTOR.S7.Q3_Psw_D LEFTKNEEINVERTERMOTOR.S7.Q3_Ploss_total LEFTKNEEINVERTERMOTOR.S7.Q4_Pcond_Q LEFTKNEEINVERTERMOTOR.S7.Q4_Psw_Q LEFTKNEEINVERTERMOTOR.S7.Q4_Pcond_D LEFTKNEEINVERTERMOTOR.S7.Q4_Psw_D LEFTKNEEINVERTERMOTOR.S7.Q4_Ploss_total LEFTKNEEINVERTERMOTOR.S7.Q5_Pcond_Q LEFTKNEEINVERTERMOTOR.S7.Q5_Psw_Q LEFTKNEEINVERTERMOTOR.S7.Q5_Pcond_D LEFTKNEEINVERTERMOTOR.S7.Q5_Psw_D LEFTKNEEINVERTERMOTOR.S7.Q5_Ploss_total LEFTKNEEINVERTERMOTOR.S7.Q6_Pcond_Q LEFTKNEEINVERTERMOTOR.S7.Q6_Psw_Q LEFTKNEEINVERTERMOTOR.S7.Q6_Pcond_D LEFTKNEEINVERTERMOTOR.S7.Q6_Psw_D LEFTKNEEINVERTERMOTOR.S7.Q6_Ploss_total 
  0.000000000E+00   1.487165946E-05   1.492139745E-07   1.492139745E-07   1.563194019E-07   1.105061600E-15   2.676691617E-10   1.622451820E-14   2.974101797E-11   9.914454344E-15   7.138396541E-04   4.800000000E+01   5.072658382E-02   5.071853061E-02   8.228837230E-18   0.000000000E+00   1.563194019E-07   2.707531462E-07   0.000000000E+00  -8.545581446E-10  -1.232979697E-06   0.000000000E+00   5.072658382E-02   4.314859641E-12   8.355495804E-14   8.700006107E-03   0.000000000E+00   0.000000000E+00   8.700006107E-03   7.834847278E-14   8.700005913E-03   0.000000000E+00   0.000000000E+00   8.700005913E-03   8.355495804E-14   8.700006107E-03   0.000000000E+00   0.000000000E+00   8.700006107E-03   7.834728729E-14   8.700005913E-03   0.000000000E+00   0.000000000E+00   8.700005913E-03   8.381146383E-14   8.700006116E-03   0.000000000E+00   0.000000000E+00   8.700006117E-03   7.834751795E-14   8.700005913E-03   0.000000000E+00   0.000000000E+00   8.700005913E-03 
  5.000000000E-01   1.487165946E-05   2.713173622E+00  -1.533018818E+00  -1.180154349E+00   1.776356839E-04   4.284788208E+01   9.907395112E+01   4.760875787E+00   1.587008303E-03   7.138396541E-04   4.800000000E+01   1.075218350E-01   1.160974413E+01   1.150223222E+01   4.500000000E+00  -1.129441411E-02   2.728352723E+00   0.000000000E+00   2.738376698E+00   8.974308376E-02  -2.922943554E-02   1.075218350E-01   6.962730944E-01   2.768493614E-02   1.204551543E-02   0.000000000E+00   0.000000000E+00   3.973045157E-02   3.441897964E-03   9.916484513E-03   0.000000000E+00   0.000000000E+00   1.335838248E-02   9.559450481E-03   3.552862813E-04   0.000000000E+00   0.000000000E+00   9.914736762E-03   2.198361610E-02   4.016290836E-04   0.000000000E+00   0.000000000E+00   2.238524519E-02   2.993031639E-03   3.190706738E-04   0.000000000E+00   0.000000000E+00   3.312102312E-03   1.063054560E-02   1.084042362E-02   0.000000000E+00   0.000000000E+00   2.147096922E-02 
  1.000000000E+00   1.487876489E-05  -8.242417238E-01  -4.229367391E+00   5.053609570E+00   3.570477247E-04   8.612795842E+01   9.915734322E+01   9.569773158E+00   3.190114839E-03   7.138396541E-04   4.800000000E+01   3.401649309E-01   4.036357783E+01   4.002345141E+01   9.000000000E+00  -3.338782212E-02   5.437594922E+00   0.000000000E+00   5.418456706E+00   8.608126446E-02  -2.366929805E-02   3.401649309E-01   1.391225585E+00   8.638866782E-03   3.448829078E-04   0.000000000E+00   0.000000000E+00   8.983749690E-03   7.718401125E-02   5.299427013E-04   0.000000000E+00   0.000000000E+00   7.771395395E-02   3.896929037E-02   4.547346110E-04   0.000000000E+00   0.000000000E+00   3.942402498E-02   7.571642372E-03   1.062867590E-02   0.000000000E+00   0.000000000E+00   1.820031827E-02   1.150216246E-01   1.514148864E-02   0.000000000E+00   0.000000000E+00   1.301631133E-01   5.793991538E-02   1.337973240E-02   0.000000000E+00   0.000000000E+00   7.131964778E-02 
  1.500000000E+00   1.487165946E-05  -7.942555158E+00   5.616760760E+00   2.325794860E+00   5.329070518E-04   1.288595375E+02   9.922252685E+01   1.431772639E+01   4.772848783E-03   7.138396541E-04   4.800000000E+01   7.222526577E-01   9.288812998E+01   9.216594971E+01   1.350000000E+01  -2.031685407E-02   8.189400983E+00   0.000000000E+00   8.161580250E+00  -3.376306856E-01   9.414424042E-02   7.222526577E-01   2.088897946E+00   1.188558861E-01   6.096023084E-04   0.000000000E+00   0.000000000E+00   1.194654885E-01   1.044315505E-03   3.031791618E-04   0.000000000E+00   0.000000000E+00   1.347494667E-03   1.737345060E-01   1.638163313E-02   0.000000000E+00   0.000000000E+00   1.901161391E-01   2.569007207E-01   1.693459160E-02   0.000000000E+00   0.000000000E+00   2.738353124E-01   2.612325763E-03   9.474815440E-03   0.000000000E+00   0.000000000E+00   1.208714120E-02   1.382981868E-01   5.852754856E-04   0.000000000E+00   0.000000000E+00   1.388834623E-01 
  2.000000000E+00   2.125692194E+01  -1.053697087E+01  -2.125690726E+01   3.179387843E+01   5.364597655E-04   1.297139743E+02   9.867339600E+01   1.441266381E+01   4.804379117E-03   1.017712828E+03   4.800000000E+01   1.282626302E+01   9.671659761E+02   9.543355136E+02   1.800000000E+01   8.131195348E+00   3.134508066E+01   0.000000000E+00   4.000000000E+01   6.645609978E+01   4.792225442E+01   1.282626302E+01  -1.553147340E+00   1.552088144E+00   0.000000000E+00   0.000000000E+00   0.000000000E+00   1.552088144E+00   0.000000000E+00   0.000000000E+00   0.000000000E+00   0.000000000E+00   0.000000000E+00   0.000000000E+00   0.000000000E+00   0.000000000E+00   0.000000000E+00   0.000000000E+00   0.000000000E+00   0.000000000E+00   0.000000000E+00   0.000000000E+00   0.000000000E+00   7.789495852E+00   0.000000000E+00   0.000000000E+00   0.000000000E+00   7.789495852E+00   2.227654236E+00   0.000000000E+00   0.000000000E+00   0.000000000E+00   2.227654236E+00 
  2.500000000E+00   3.260460115E+01  -2.946438460E+01  -3.140202047E+00   3.260458681E+01   2.797762022E-04   6.779116226E+01   9.915339360E+01   7.532351363E+00   2.510880392E-03   1.563334076E+03   4.800000000E+01   1.292674146E+01   1.526992955E+03   1.514065335E+03   2.250000000E+01   5.675220494E+00   3.549898076E+01   0.000000000E+00   4.000000000E+01  -1.152746161E+01   1.986730785E-01   1.292674146E+01   1.496768746E+00   0.000000000E+00   0.000000000E+00   0.000000000E+00   0.000000000E+00   0.000000000E+00   0.000000000E+00   0.000000000E+00   0.000000000E+00   0.000000000E+00   0.000000000E+00   0.000000000E+00   0.000000000E+00   0.000000000E+00   0.000000000E+00   0.000000000E+00   6.701430439E+00   0.000000000E+00   0.000000000E+00   0.000000000E+00   6.701430439E+00   6.485534979E+00   0.000000000E+00   0.000000000E+00   0.000000000E+00   6.485534979E+00   5.316169152E-03   0.000000000E+00   0.000000000E+00   0.000000000E+00   5.316169152E-03 
  3.000000000E+00   2.948154398E+01  -2.994256182E+01   4.610323467E-01   2.948152963E+01   1.856292897E-04   4.488341882E+01   9.905268142E+01   4.987046535E+00   1.662447957E-03   1.412869773E+03   4.800000000E+01   1.293165896E+01   1.365621690E+03   1.352684903E+03   2.700000000E+01   5.549931670E+00   3.384058155E+01   0.000000000E+00   4.000000000E+01  -2.572203421E+01   2.283424484E-01   1.293165896E+01   1.620765382E+00   0.000000000E+00   0.000000000E+00   0.000000000E+00   0.000000000E+00   0.000000000E+00   0.000000000E+00   0.000000000E+00   0.000000000E+00   0.000000000E+00   0.000000000E+00   0.000000000E+00   0.000000000E+00   0.000000000E+00   0.000000000E+00   0.000000000E+00   7.221799397E+00   0.000000000E+00   0.000000000E+00   0.000000000E+00   7.221799397E+00   4.808601466E+00   0.000000000E+00   0.000000000E+00   0.000000000E+00   4.808601466E+00   2.138508665E-01   0.000000000E+00   0.000000000E+00   0.000000000E+00   2.138508665E-01 
  3.500000000E+00   2.948154398E+01  -2.994256182E+01   4.610323467E-01   2.948152963E+01   1.856292897E-04   4.488341882E+01   9.905268142E+01   4.987046535E+00   1.662447957E-03   1.412869773E+03   4.800000000E+01   1.293165896E+01   1.365621690E+03   1.352684903E+03   3.150000000E+01   5.549931670E+00   3.384058155E+01   0.000000000E+00   4.000000000E+01  -2.572203421E+01   2.283424484E-01   1.293165896E+01   1.620765382E+00   0.000000000E+00   0.000000000E+00   0.000000000E+00   0.000000000E+00   0.000000000E+00   0.000000000E+00   0.000000000E+00   0.000000000E+00   0.000000000E+00   0.000000000E+00   0.000000000E+00   0.000000000E+00   0.000000000E+00   0.000000000E+00   0.000000000E+00   7.221799397E+00   0.000000000E+00   0.000000000E+00   0.000000000E+00   7.221799397E+00   4.808601466E+00   0.000000000E+00   0.000000000E+00   0.000000000E+00   4.808601466E+00   2.138508665E-01   0.000000000E+00   0.000000000E+00   0.000000000E+00   2.138508665E-01 
  4.000000000E+00   2.948154398E+01  -2.994256182E+01   4.610323467E-01   2.948152963E+01   1.856292897E-04   4.488341882E+01   9.905268142E+01   4.987046535E+00   1.662447957E-03   1.412869773E+03   4.800000000E+01   1.293165896E+01   1.365621690E+03   1.352684903E+03   3.600000000E+01   5.549931670E+00   3.384058155E+01   0.000000000E+00   4.000000000E+01  -2.572203421E+01   2.283424484E-01   1.293165896E+01   1.620765382E+00   0.000000000E+00   0.000000000E+00   0.000000000E+00   0.000000000E+00   0.000000000E+00   0.000000000E+00   0.000000000E+00   0.000000000E+00   0.000000000E+00   0.000000000E+00   0.000000000E+00   0.000000000E+00   0.000000000E+00   0.000000000E+00   0.000000000E+00   7.221799397E+00   0.000000000E+00   0.000000000E+00   0.000000000E+00   7.221799397E+00   4.808601466E+00   0.000000000E+00   0.000000000E+00   0.000000000E+00   4.808601466E+00   2.138508665E-01   0.000000000E+00   0.000000000E+00   0.000000000E+00   2.138508665E-01 
  4.500000000E+00   2.948154398E+01  -2.994256182E+01   4.610323467E-01   2.948152963E+01   1.856292897E-04   4.488341882E+01   9.905268142E+01   4.987046535E+00   1.662447957E-03   1.412869773E+03   4.800000000E+01   1.293165896E+01   1.365621690E+03   1.352684903E+03   4.050000000E+01   5.549931670E+00   3.384058155E+01   0.000000000E+00   4.000000000E+01  -2.572203421E+01   2.283424484E-01   1.293165896E+01   1.620765382E+00   0.000000000E+00   0.000000000E+00   0.000000000E+00   0.000000000E+00   0.000000000E+00   0.000000000E+00   0.000000000E+00   0.000000000E+00   0.000000000E+00   0.000000000E+00   0.000000000E+00   0.000000000E+00   0.000000000E+00   0.000000000E+00   0.000000000E+00   7.221799397E+00   0.000000000E+00   0.000000000E+00   0.000000000E+00   7.221799397E+00   4.808601466E+00   0.000000000E+00   0.000000000E+00   0.000000000E+00   4.808601466E+00   2.138508665E-01   0.000000000E+00   0.000000000E+00   0.000000000E+00   2.138508665E-01 
  5.000000000E+00   2.948154398E+01  -2.994256182E+01   4.610323467E-01   2.948152963E+01   1.856292897E-04   4.488341882E+01   9.905268142E+01   4.987046535E+00   1.662447957E-03   1.412869773E+03   4.800000000E+01   1.293165896E+01   1.365621690E+03   1.352684903E+03   4.500000000E+01   5.549931670E+00   3.384058155E+01   0.000000000E+00   4.000000000E+01  -2.572203421E+01   2.283424484E-01   1.293165896E+01   1.620765382E+00   0.000000000E+00   0.000000000E+00   0.000000000E+00   0.000000000E+00   0.000000000E+00   0.000000000E+00   0.000000000E+00   0.000000000E+00   0.000000000E+00   0.000000000E+00   0.000000000E+00   0.000000000E+00   0.000000000E+00   0.000000000E+00   0.000000000E+00   7.221799397E+00   0.000000000E+00   0.000000000E+00   0.000000000E+00   7.221799397E+00   4.808601466E+00   0.000000000E+00   0.000000000E+00   0.000000000E+00   4.808601466E+00   2.138508665E-01   0.000000000E+00   0.000000000E+00   0.000000000E+00   2.138508665E-01 
